47598
807
43672
8962
11653
17350
33437
40441
26751
15572
55205
60146
10833
34097
23563
7963
7941
6344
37599
27809
27847
12332
21145
35189
8359
9601
53499
32151
37098
34496
41531
19161
35304
19667
28123
46957
37018
61561
21862
63769
11597
11532
58380
22430
45629
16407
30393
53570
22751
2457
15843
50599
14789
36989
20252
23149
46590
8215
55300
18152
42711
31295
37313
12479
50963
65437
59437
22445
61462
15763
20678
7523
27295
13522
29953
7388
29930
60346
60959
52681
62803
11266
37744
12057
48255
57996
35206
29309
675
24970
47462
43387
56265
19239
55866
41692
19140
49767
64137
15066
65531
19280
22589
27290
32802
52542
34679
62732
47353
30102
49878
44620
41368
22086
56677
24088
14547
26347
53397
15222
51317
35323
58609
42047
54563
48940
18203
8167
33171
16805
23234
33166
36085
45823
60457
3351
32830
29600
548
14647
59702
50426
59267
35534
6976
50409
59622
21523
11220
47484
36746
62538
17271
29819
39049
6298
13223
57252
14466
46395
8521
37700
14025
44606
17987
8946
47958
50817
38546
48506
65464
32712
33396
59196
2711
40372
44069
62333
61896
55289
44281
33106
52291
61553
62925
25804
2315
10613
17521
16781
57008
26042
54481
5497
5113
6933
14444
53071
57750
52990
36041
57679
20167
3901
51339
22878
44273
29872
19675
40633
19625
63957
8203
6381
59974
5593
32185
62289
16206
49706
13535
7678
10213
2480
13175
15326
9413
27619
2861
1628
15074
38902
59307
35241
42803
45110
58119
21540
9446
12258
62174
29071
10679
4841
35452
5117
10434
2102
1871
26640
51808
15406
34318
62021
17886
47494
11811
27300
9577
14672
28928
24651
53574
22699
59892
30841
2273
52475
52382
11719
64734
49020
40790
9877
53861
10707
14995
64296
12809
16866
25400
64617
32272
59719
61103
50158
41677
7378
11922
51254
22051
40850
10370
10089
63549
4726
40931
286
57202
27777
12005
56400
11261
52796
741
65122
63503
15736
63882
10776
32602
23747
9857
64874
17930
5424
49497
59607
12803
61419
45325
34854
36734
55695
44943
34747
60422
20338
35034
52088
48115
47039
42952
59376
34299
43693
58963
32266
59430
57309
43042
26496
15520
52900
25835
33450
58324
9796
27521
5591
5679
7311
40445
42413
63006
19853
11625
57892
40191
46659
44444
22771
28162
21860
16611
62462
18
10038
29192
59448
1812
6699
20408
17332
59599
46243
50783
52387
56039
12768
57979
61719
20079
32888
38596
17550
52741
50221
9906
27397
31344
54351
50168
59507
10675
1243
56433
10693
11282
20089
4605
13094
26788
25014
30426
20851
5721
15673
7703
61761
28442
146
57944
48521
33034
31004
535
20240
15690
10442
47637
47034
64793
32269
41005
9932
33512
31902
20626
44794
51992
25231
57888
13244
50245
22779
34096
55967
38452
41799
52192
1358
41945
44600
49880
9443
10068
50415
29683
25758
60857
11784
7257
60114
44053
48262
4511
12030
14629
25137
56824
1085
50368
49177
14329
35078
6420
48425
25509
44872
24688
12165
46231
1097
56765
30575
10541
1297
15454
40224
27056
10776
52009
34313
5354
30526
17039
9865
42556
31668
35002
33845
32753
19835
17486
47083
54913
23906
29972
14886
3242
54661
27051
49473
55758
18280
14512
763
19577
29967
40988
46633
40743
27461
15410
46097
57987
32450
55963
35008
64118
25429
3317
31336
45264
20803
12883
34641
44709
42855
49527
47951
31980
11042
31889
22203
29322
46401
22966
48900
10832
63954
29997
51575
25879
45408
32137
18331
12322
22564
53339
10904
47993
56656
42240
27722
11923
55123
62363
56632
32443
46355
39047
64423
57397
5400
21090
21184
51802
44057
4548
62634
42475
34545
48674
2819
14417
15275
21150
26739
37839
8953
37644
20296
73
14348
48018
11996
3936
44846
3092
36379
25665
42139
35266
17526
47540
56357
38710
33806
34878
43258
30904
11817
12268
14042
14636
26685
29317
35786
53425
1620
44739
25533
21917
44812
39881
4399
56808
43817
49245
59900
14660
9374
36504
49927
26901
18508
40748
75
52314
10090
43334
17682
21907
55602
31725
36544
16751
61042
6794
4640
62663
51534
30173
19044
30810
4519
23443
22083
48336
7153
16447
62997
16527
52951
47388
43428
5923
22600
43504
58237
32690
21302
10384
54597
11368
42109
25605
28119
37615
32400
32760
34742
18398
62933
53786
49208
1916
11694
5755
50253
18847
22203
47714
35374
9618
29566
13267
15542
52166
56771
8243
19320
12537
18627
8381
23905
60736
33987
52024
32816
851
19248
2022
19249
16646
55809
2921
18562
1967
8677
3279
20814
30880
50993
56188
40498
15023
3919
56040
1653
60690
64284
20973
7691
17375
29355
31596
12576
63342
18085
45392
64193
37333
47414
17906
53979
37687
20827
7006
39654
29504
10285
60468
60384
61279
51121
35347
10766
55040
25851
12420
50195
24599
33393
57886
41975
62748
23947
54551
60554
42032
34407
59211
13829
16285
11581
2273
53973
32409
9279
28091
61913
19564
23024
56762
15307
8609
26573
26074
63649
52424
38494
48308
11488
6351
40659
53463
3564
64606
42478
64118
41102
11349
57794
54931
27634
3839
57204
16071
36248
947
44163
32626
20512
1651
23852
35819
10260
50425
61893
8373
37313
34851
56682
48801
41203
31805
36728
44767
30875
13670
43349
6441
25019
35607
61372
52654
39447
53041
3189
10159
53988
47352
42785
8964
49003
1101
44784
59263
51526
41141
2101
23304
10457
58783
6569
51660
25052
43298
30891
55927
56968
8704
62368
16452
44312
58204
3570
18223
45709
6759
28382
34162
54112
5632
43126
37579
6733
22374
31307
58260
63516
33408
16028
8437
26655
22597
60097
51707
359
25452
42098
57328
34156
38930
8244
12932
31598
11814
31155
11772
18573
59538
45934
7149
65170
23524
44729
6367
45899
10500
64627
43879
43908
15119
52316
5027
37717
46877
56734
38076
6793
33296
29868
40949
6690
38112
53882
38288
49926
19501
50060
2964
13503
30458
10113
13137
53983
54842
19505
34346
65342
18596
12689
43714
33716
65005
48741
5897
46346
39939
43973
53139
7699
8306
28552
14389
46418
16898
52678
30809
36400
37202
33773
49903
2125
43886
63041
56108
33193
17010
24918
32999
35606
37607
11178
3786
37076
59919
9683
17886
34323
53657
5489
42022
61963
34041
56412
42845
50940
43554
8118
21804
15220
41891
6171
17345
20242
3676
7917
53435
20686
32835
20898
56293
4906
32076
60079
